3541555507
2452156165
3763059645
2452582653
3211131736
3644385675
3592853944
3685982156
2999666779
3560586329
3754438595
3587402498
3171629666
3739574720
2414273655
2426563148
3596887800
2594919290
3383451165
3427159546
3676135538
3728543567
3795095308
1783029771
3490959217
3585908942
2786950621
1431665454
3612685327
3450063853
3009529396
3725666424
2913893046
3486211804
1188126445
3191434573
3717437513
3681358576
3041639425
3495848574
2594968342
3632859986
3883892131
3209268050
1488565487
3491581603
3771246221
3780381963
3562845524
1240586307
1340299877
1771271318
1858955615
2028332351
2053266861
2060319836
2060701329
2069924485
2150762780
2150843970
2151897936
2161383209
2170703725
2278370835
2279853286
2279991970
2280439039
2284511491
2295133742
2321309416
2323869587
2324366656
2343880054
2376795388
2388640690
2388820746
2410886879
2425219624
2430410633
2440788767
2444093253
2501679936
2508202406
2539224457
2563678134
2577429857
2613233171
2614951052
2630280805
2638768122
2640177442
2654757821
2665133517
2672115336
2680883805
2690346932
2721130621
2723220361
2732095984
2742274803
2796160370
2807088137
2811523728
2827926978
2839549984
2859962641
2861067636
2882869074
2902436686
2902725551
2931186069
2934233577
2935406518
2971678677
2985945480
2988319154
3038121532
3049087213
3090440077
3092175228
3097288025
3111909919
3116883800
3117030827
3120847171
3127267283
3130187033
3147854769
3158078504
3164724430
3190284725
3202170381
3211676816
3216923824
3222900415
3223311159
3229503410
3236083311
3236452162
3240100851
3262375574
3283905121
3292353850
3299538722
3299682108
3328384779
3330734043
3331229631
3336239000
3340885011
3340984530
3347795484
3358992637
3362987328
3385473872
3393372970
3400200156
3404761855
3406978404
3408640740
3422342278
3425086090
3437722618
3438571791
3441740203
3444077007
3444956581
3449337054
3451007831
3452534106
3452699695
3458175794
3459609729
3462279356
3470523354
3473428252
3473528645
3476201721
3476377402
3487727873
3491171369
3491797176
3496600927
3504019760
3511369207
3516022156
3518746369
3519045079
3519271114
3519415727
3523592783
3524817139
3526377190
3527930753
3528026659
3528190107
3528268368
3528409987
3528416318
3534123083
3536920385
3537242505
3538025674
3539001817
3540979424
3551111576
3555406225
3558441017
3558796103
3558918906
3559637286
3563459542
3568541218
3568886598
3570694900
3574004229
3574092404
3574194124
3574259638
3574353830
3574552265
3575810829
3577463165
3582059027
3582376563
3584280121
3584544303
3584624192
3586905739
3587353749
3587517946
3595871191
3596051656
3596905245
3596911857
3597122040
3597611539
3601017969
3601637895
3604500338
3607059540
3607265481
3609129033
3613785884
3614624838
3615936112
3615953966
3616574610
3616695998
3618840909
3618960997
3619068264
3619631734
3621703952
3630767596
3632006161
3633217672
3635373956
3636356323
3636457360
3639095638
3640694511
3641619788
3643908584
3644133555
3644863875
3645822004
3645946784
3646028859
3647874152
3649071706
3649462232
3652110928
3652361556
3654419375
3655404554
3661977494
3662408595
3663478664
3663598231
3663868801
3664996774
3665086678
3665209497
3667735598
3668506454
3670657734
3670965675
3671142841
3671391405
3673027617
3675373442
3676913877
3676931463
3676935892
3677097306
3677514212
3677652548
3677676327
3677752499
3677860841
3677878077
3678120093
3680697685
3680871760
3681285189
3681326765
3681393144
3681455143
3686292911
3686856053
3686928668
3687438256
3687582329
3687598240
3690179731
3694319355
3694360677
3706363675
3706400258
3708773126
3708798788
3709153943
3710276466
3710412014
3710480123
3710598561
3715716168
3715885416
3716169947
3716181977
3717044988
3717216615
3717558915
3718629110
3725986313
3726129945
3726152003
3726256073
3728134478
3728286164
3730758350
3731172262
3731590191
3732115798
3739300216
3747649779
3747706367
3748087317
3748792568
3749297767
3749412740
3750205353
3753665502
3759887791
3762715251
3764436369
3770154241
3770701959
3770749060
3795315123
3795393351
3795526213
3795592654
3799821601
3799908740
3800065952
3800311708
3801679643
3802134678
3802145023
3820011459
3820117586
3826800483
3833692727
3833714132
3833821996
3834308034
3834581263
3850109698
3850123013
3850148654
3881896284
3881921624
3882060072
3882401247
3882478721
3921761041
3938137164
3986295145
4001858282
4018359685
4065937616
4066117436
4066255280
4066370013
4097954064
4098282349
4098417364
4098425680
4098520236
2200273326
2232528798
2264760234
2463107986
2504908922
2506881261
2521548090
2527288867
2584753444
2610452364
2635829271
2636801898
2641833236
2642140937
2733405785
2743471982
2746775625
2783748549
2810560820
2827624417
2829798627
2830739304
2853428989
2858670569
2884021212
2908837681
2982224132
2994606093
3001823258
3022214286
3023613838
3027885366
3054328398
3054409941
3078339685
3079484835
3086453022
3117096243
3117215691
3149696462
3154780059
3174539611
3187115366
3188478145
3205822979
3215635199
3222510048
3229183868
3237903328
3270407967
3272676577
3302134363
3340547889
3350037619
3369428134
3371615670
3379853662
3380622367
3382536182
3389290675
3390884593
3390899542
3404529983
3413884480
3444924789
3466783166
3473533162
3477068316
3478316672
3479625505
3479815367
3492534874
3499138793
3502968185
3509524742
3509992857
3510946405
3512856854
3513100308
3517346488
3518865193
3528522896
3529153143
3530763251
3540606972
3540844127
3541423876
3548423462
3549338249
3550015132
3551007445
3551238864
3551374285
3557661613
3559680729
3560805027
3565065830
3567656352
3573956050
3574137395
3574174569
3574391803
3580031401
3590918924
3591124674
3591311131
3592671895
3593235970
3593370137
3595230674
3595347274
3596716412
3596749340
3596775324
3596811530
3596895118
3596901336
3596910524
3596930801
3597114811
3597295156
3597648301
3600965161
3605868140
3605955516
3608784241
3608798559
3616193409
3617482346
3619211893
3619547112
3619868868
3620527153
3620531439
3621537229
3622709698
3625165414
3625428551
3625726711
3630721341
3631265086
3631595120
3638994150
3640966497
3641052919
3641139402
3642984158
3643202524
3644290948
3646372104
3646511855
3647801928
3648018392
3648022808
3651648583
3652569680
3654376317
3654756005
3654850038
3655178904
3655368828
3659988898
3662912621
3663400704
3663478371
3664936225
3665019742
3665409071
3671355475
3671416393
3672142094
3676724263
3676926266
3677418566
3677550906
3677984249
3678333298
3680719069
3684402173
3684630682
3686531636
3689646470
3695762789
3696416171
3699654432
3699919476
3707061482
3709097034
3709337442
3710140369
3713723662
3715900778
3715972413
3716266301
3716275947
3716361253
3726335511
3726448285
3728266992
3730738728
3731312821
3735904424
3737881831
3738753166
3738758663
3738805690
3739017683
3739087088
3739375049
3739466907
3747647135
3747659649
3747675906
3747678503
3747681474
3747985756
3748016861
3748133498
3748542234
3749300416
3749512726
3762745851
3762783978
3763012102
3763318092
3763398709
3763684718
3764383978
3767682562
3767935870
3768437070
3768527072
3771525413
3782014152
3782080299
3782135346
3782294876
3782436189
3794701125
3794800977
3794874419
3794994298
3795493254
3800291354
3800428263
3801670838
3801679628
3802041377
3802201229
3802434219
3802539828
3817910124
3820173125
3826709490
3826800554
3826800717
3834056544
3834324166
3849639745
3852386909
3882488275
3883610621
3985760309
3985993753
3986000797
3986471297
4017744079
4018059241
4018196145
4066041350
4097581769
4097695397
4097829851
4098248925
